0000000000000000000000000000000000000000000000000000000000000000000000000000000000000000000000000000000000000000
0000000000000000000000000000000000000000000000000000011000000000000000000000000000000000000000000000000000000000
0000000000000000000000000000000000000000000000000000110000000000000000000000000000000000000000000000000000000000
0000000000000000000000000000000000000000000000000000001000000000000000001111110000001100000000000000000000000000
0000000000000000000000000000000000000000000000000000000000000000000000010000010000100001000000000000000000000000
0000000000000000000000000000000000000000000000000000000000000000000000000000010000000000100000000000000000000000
0000000000000000000000000000000000000000000000011111000000000000000000010000100000100000100000000000000000000000
0000000000000000000000000000000000000000000000100001000000000000000000000110000000011111100000000000000000000000
0000000000000000000000000000000000000000000000000001000000000000000000000000000000000000000000000000000000000000
0000000000000000000000000000000000000001100000100010000000000000000000000010000000000000000000000000000000000000
0000000000000000000000000000000000000001100000001000000000000000000000000101000000000000000000000000000000000000
0000000000000000000000000000000000011100001000000000000000000000000000001000001000000000000000000000000000000000
0000000000000000000000000000000000101100000110000000000011000000000000000101010100000010000000000000000000000000
0000000000000000000000110000000001101010001100000000000100100000000000001100100010000011000000000000000000000000
0000000000000000000001001000000000111111000000000110000101000000011000001100011010000101100000000000000000000000
0000000000000000000000110000000000011110000000000110000010000000011000000010000010000101000000000000000000000000
0000000000000000000000000000000000000000000000000000000000000000000000010100000000000110000000000000000000000000
0000000000000000000000000000000000000000000000000000000000000000000000000000000000000000000000000000000000000000
0000000000000000000000000000000000000000000000000000000000000000000000010100000000000110000000000000000000000000
0000000000000000000000110000000000011110000000000110000010000000011000000010000010000101000000000000000000000000
0000000000000000000001001000000000111111000000000110000101000000011000001100011010000101100000000000000000000000
0000000000000000000000110000000001101010001100000000000100100000000000001100100010000011000000000000000000000000
0000000000000000000000000000000000101100000110000000000011000000000000000101010100000010000000000000000000000000
0000000000000000000000000000000000011100001000000000000000000000000000001000001000000000000000000000000000000000
0000000000000000000000000000000000000001100000001000000000000000000000000101000000000000000000000000000000000000
0000000000000000000000000000000000000001100000100010000000000000000000000010000000000000000000000000000000000000
0000000000000000000000000000000000000000000000000001000000000000000000000000000000000000000000000000000000000000
0000000000000000000000000000000000000000000000100001000000000000000000000110000000011111100000000000000000000000
0000000000000000000000000000000000000000000000011111000000000000000000010000100000100000100000000000000000000000
0000000000000000000000000000000000000000000000000000000000000000000000000000010000000000100000000000000000000000
0000000000000000000000000000000000000000000000000000000000000000000000010000010000100001000000000000000000000000
0000000000000000000000000000000000000000000000000000001000000000000000001111110000001100000000000000000000000000
0000000000000000000000000000000000000000000000000000110000000000000000000000000000000000000000000000000000000000
0000000000000000000000000000000000000000000000000000011000000000000000000000000000000000000000000000000000000000
0000000000000000000000000000000000000000000000000000000000000000000000000000000000000000000000000000000000000000
0000000000000000000000000000000000000000000000000000000000000000000000000000000000000000000000000000000000000000
