0000000000000000000000000000000000000000000000000000000000000000
0000000000000000000000000000000000000000010000000000000000000000
0000000000000000000000000000000000000001010000000000000000000000
0000000000000000000000000000001000000010100000000000110000000000
0000000000000000000000000000011000000100100000000000110000000000
0000000000000000001100000000110000110010100000000000000000000000
0000000000000000001100000001110000110001010000000000000000000000
0000000000000000000000000000110000110000010000000000000000000000
0000000000000000000000000000011000000000000000000000000000000000
0000000000000000000000000000001000000000000000000000000000000000
0000000000000000000000000000000000000000001000000000000000000000
0000000000000000000000000000000000000000000100000000000000000000
0000000000000000000000000000000000000000011100000000000000000000
0000000000000000000000000000000000000000000000000000000000000000

